7E 80 04 00 0B 00 00 DC 92 F0 5F 00 00 00 00 00 00 00 00 01 16 01 01 2C 02 01 42 03 01 00 00 FF 00 00 00 00 00 00 00 00 00 DC 92 F0 5F 4B 00 00 00 00 12 01 80 01 80 01 80 01 80 01 80 00 00 00 00 01 00 01 80 01 80 01 80 01 80 00 00 00 00 03 00 01 80 01 80 01 80 01 80 00 00 00 00 02 00 01 80 01 80 01 80 01 80 00 00 00 00 01 00 01 80 01 80 01 80 01 80 03 00 00 00 03 00 01 80 01 80 01 80 01 80 00 00 00 00 0B 00 01 80 00 00 00 00 0C 00 01 80 00 00 00 00 0D 00 01 80 00 00 00 00 0E 00 01 80 01 00 00 00 00 00 01 80 01 80 01 80 01 80 00 00 00 00 09 00 01 80 01 80 01 80 AE 1D 00 00 00 00 00 00 01 80 01 80 00 00 00 00 00 00 01 80 01 80 00 00 00 00 01 00 01 80 01 80 01 80 00 00 00 00 00 00 01 80 01 80 01 80 01 80 01 80 01 80 01 80 01 80 00 00 00 00 00 00 01 80 01 80 01 80 01 80 20 00 00 00 00 00 01 80 01 80 1F 00 01 80 01 80 01 80 00 00 00 00 02 00 01 80 00 00 00 00 0D 00 01 80 01 80 01 80 01 80 00 00 00 00 0E 00 01 80 01 80 01 80 01 80 00 00 00 00 B1 00 DC 92 F0 5F 4B 00 01 00 00 12 01 80 01 80 01 80 00 00 00 00 00 00 00 00 00 00 00 00 00 00 00 00 00 00 00 00 00 00 00 00 00 00 00 00 00 00 00 00 00 00 00 00 4B 00 00 00 00 12 01 80 01 80 01 80 01 80 01 80 01 80 01 80 01 80 01 80 01 80 01 80 01 80 00 00 00 00 14 00 01 80 01 80 01 80 01 80 00 00 00 00 15 00 01 80 01 80 01 80 01 80 01 00 00 00 00 00 01 80 01 80 01 80 01 80 00 00 00 00 00 00 00 00 00 00 00 00 00 00 00 00 00 00 00 00 00 00 00 00 00 00 00 00 00 00 00 00 00 00 00 00 00 00 00 00 00 00 00 00 00 00 00 00 00 00 00 00 00 00 00 00 00 00 00 00 00 00 00 00 00 00 00 00 00 00 00 00 00 00 00 00 00 00 00 00 00 00 00 00 00 00 00 00 00 00 00 00 00 00 00 00 00 00 00 00 00 00 00 00 00 00 00 00 00 00 00 00 00 00 00 00 00 00 00 00 00 00 00 00 00 00 00 00 00 00 00 00 00 00 00 00 00 00 00 00 00 00 00 00 00 00 00 00 00 00 00 00 B1 01 DC 92 F0 5F 00 00 00 00 00 00 01 80 01 80 01 80 01 80 01 80 00 00 00 00 00 00 00 00 00 00 40 00 00 00 01 80 01 80 01 80 01 80 01 80 01 80 01 80 01 80 01 80 01 80 01 80 01 80 01 80 01 80 01 80 01 80 01 80 01 80 01 80 01 80 01 80 01 80 01 80 01 80 01 80 01 80 01 80 01 80 01 80 01 80 01 80 01 80 01 80 00 00 00 00 00 00 01 80 01 80 01 80 01 80 00 00 00 00 00 00 00 00 01 80 01 80 01 80 00 00 00 00 00 00 00 00 00 00 00 00 00 00 00 00 00 00 00 00 00 00 00 00 00 00 00 00 00 00 00 00 00 00 00 00 00 00 00 00 00 00 00 00 00 00 00 00 00 00 00 00 00 00 00 00 00 00 00 00 00 00 00 00 00 00 00 00 00 00 00 00 00 00 00 00 00 00 00 00 00 01 09 03 0F 00 00 00 00 00 00 00 00 00 00 00 00 00 00 00 00 00 00 00 00 00 CC 14 00 00 00 00 01 80 00 00 00 00 00 00 00 00 00 00 00 00 00 00 00 00 00 00 00 00 00 00 00 00 00 00 00 00 00 00 00 00 00 00 B1 02 DC 92 F0 5F 00 00 00 00 00 00 01 80 01 80 01 80 01 80 00 00 00 00 00 00 01 80 01 80 01 80 01 80 01 80 01 80 01 80 01 80 01 80 01 80 01 80 01 80 01 80 00 00 00 00 00 00 00 00 00 00 00 00 00 00 00 00 00 00 00 00 01 80 01 80 00 00 00 00 00 00 01 80 01 80 01 80 01 80 01 80 01 80 01 80 01 80 00 00 00 00 00 00 01 80 00 00 00 00 00 00 00 00 00 00 00 00 00 00 00 00 00 00 00 00 00 00 01 80 01 80 03 00 00 00 00 00 01 80 03 00 00 00 00 00 01 80 00 00 00 00 00 00 01 80 01 80 01 80 01 80 01 80 01 80 01 80 01 80 01 80 01 80 01 80 01 80 01 80 01 80 01 80 01 80 01 80 01 80 01 80 01 80 01 80 01 80 01 80 01 80 00 00 00 00 00 00 00 00 00 00 00 00 00 00 00 00 00 00 00 00 00 00 00 00 00 00 00 00 00 00 00 00 00 00 00 00 00 00 00 00 00 00 00 00 00 00 00 00 00 00 00 00 00 00 00 00 00 00 00 00 00 00 00 00 00 00 00 00 00 00 00 00 00 00 00 00 B1 03 52 7Ecorrect
        0B:dri_level   DC 92 F0 5F:r_time                                                                                  DC 92 F0 5F:start of union:time                             p_group                                    p_group                                   p_group                                  p_group                                    nibp_group                               t_group                  t_group                t_group                 t_group                    SpO2_pl_group                          co2_group                                o2_group                       n20_group                     aa_group                            flow_vol_group                                                    co_wedge_group                            nmt_group                           ecg_extra_group   svo2_group              p_group                                   p_group                                   reserved  marker reserved cl_drilvl_subt DC 92 F0 5F:time                                                                   
 
 80 04 00 0B 00 00 DC 92 F0 5F 00 00 00 00 00 00
 00 00 01 16 01 01 2C 02 01 42 03 01 00 00 FF 00
 00 00 00 00 00 00 00 00 DC 92 F0 5F 4B 00 00 00
 00 12

 80 04 00 0B 00 00 DC 92 F0 5F 00 00 00 00 00 00
 00 00 01 16 01 01 2C 02 01 42 03 01 00 00 FF 00
 00 00 00 00 00 00 00 00 DC 92 F0 5F 4B 00 00 00
 00 12